채용공고 상세페이지 JAVA 개발,운영 - 신입,경력사원 모집 모집분야 및 자격요건 모집분야 담당업무 자격요건 모집인원 **** 운영 - 장소 : 송파 - 기간 : 연단위 - 스킬 : Java,JSP, Spring - 등급 : 3년이상 0명 **** 개발 - 장소 : 서현 - 기간 : 6개월 - 스킬 : Java,JSP, Spring - 등급 : 3년이상 0명 국민은행 운영 - 장소 : 여의도 - 기간 : 연단위 - 스킬 : Java,JSP, Spring - 등급 : 3년이상 0명 LG 바레인 개발 - 장소 : 선릉 - 기간 : 8개월 - 스킬 : .net - 등급 : 3년이상 0명 한국타이어 개발 - 장소 : 역삼 - 기간 : 3개월 - 스킬 : Java,JSP - 등급 : 3년이상 0명 *** 개발 - 장소 : 판교 - 기간 : 3개월 - 스킬 : Java,JSP - 등급 : 3년이상 0명 LG U+ U+ shop 시스템 개선 - 장소 : 상암동 - 스킬 : Java, JSP, Spring - 기간 : ~ 3개월 - 등급 : 1년이상 - 서버단 개발 경험자 우대 0명 **** 개발 - 장소 : 판교 - 기간 : 3개월 - 스킬 : Java, JSP, Spring - 등급 : 1년이상 0명 **해상 개발 - 장소 : 잠실 - 기간 : 연단위 - 스킬 : Java, JSP, Spring - 등급 : 3년이상 0명 SKT 개발 - 장소 : 구로디지털 - 기간 : 3개월 - 스킬 : java - 등급 : 5년이상 0명 ** 센터 개발 - 장소 : 양재 - 기간 : 7개월 - 스킬 : Java, JSP, Spring - 등급 : 3년이상 0명 백제약품 차세대시스템 - 장소 : 신도림 - 기간 : ~ 연단위 - 스킬 : java - 등급 : 3년이상 0명 LGD 인터페이스 - 장소 : 파주 - 스킬 : Java - 일정 : ~ 4개월 - 등급 : 1년이상 - 인터페이스 유경험자 우대 0명 현대로템 인터페이스 - 장소 : 의왕 - 스킬 : Java - 일정 : ~ 4개월 - 등급 : 1년이상 - 인터페이스 유경험자 우대 0명 현대다이모스 구매 - 장소 : 동탄 - 스킬 : Java - 일정 : ~ 8개월 - 등급 : 1년이상 - 구매업무 유경험자 우대 0명 SK하이닉스 웹개발 - 장소 : 이천 - 스킬 : Java - 일정 : ~ 11개월 - 등급 : 3년이상 - 하이닉스 유경험자 우대 0명 교보생명 구매 - 장소 : 광화문 - 스킬 : Java - 일정 : ~ 5개월 - 등급 : 3년이상 - 구매업무 유경험자 우대 0명 LGU+ 구매 - 장소 : 상암 - 스킬 : Java - 일정 : ~ 8개월 - 등급 : 3년이상 - 구매업무 유경험자 우대 0명 대법원 통합전자등기(SI) 프로젝트 - 장소 : 분당 야탑 - 스킬 : Java/JSP, (LG CNS)Laf-J, 전자정부 F/W - 일정 : ~ 연말 - 등급 : 3년이상 0명 해양수산 진행형(SI) 프로젝트 - 장소 : 서울역(또는 수서역), 대전(정부통합전산센터) - 스킬 : TA, 공공 프로젝트 경력 - 일정 : ~ 4개월 - 등급 : 3년이상 0명 삼성 인사시스템 개발 - 장소 : 서울 - 스킬 : Nexacro, Anyframe, Jeus, Oracle, Unix - 일정 : ~ 2018년 2월 - 등급 : 3년이상 0명 삼성화재 ERP - 장소 : 강남 - 스킬 : Java,HTML5,x-Javascript - 일정 : ~ 연말 - 등급 : 3년이상 - 기타 : 신계약,지급등 업무경험자 우대 80년 이후 출생 0명 CJ E&M 신인사제도 평가시스템 - 장소 : 서울역 - 스킬 : Java, Oracle - 일정 : ~ 년단위 - 등급 : 3년이상 0명 전북은행 ITO 운영 - 장소 : 전주 - 스킬 : Java, Jsp, Oracle, Spring - 일정 : ~ 년단위 - 등급 : 1년이상 0명 한화생명 보험코어 유지관리 - 장소 : 여의도 - 스킬 : Java(EJB), JSP,Oracle,c,pro-c - 일정 : ~ 년단위 - 등급 : 3년이상 - 기타 : 신계약,지급등 업무경험자 우대 80년 이후 출생 0명 정보화진흥원 행정서비스 구축 - 장소 : 광화문 - 스킬 : Java, 연계업무 경험자 - 일정 : ~ 9개월 - 등급 : 3년이상 0명 흥국화재 다이렉트 자동차,운전자 보험 운영 - 장소 : 충정로 - 스킬 : java, Xplatform, Miplatform - 일정 : ~ 연말 (추후 연장예정) - 등급 : 3년이상 - 기타 : 8:30 출근 0명 KT PMO 운영 프로젝트 - 장소 : 분당 KT - 스킬 : PMO - 일정 : ~ 년단위(3년이상 장기근무 가능자) - 등급 : 3년이상 - 기타 : 성실하신 분 / 오래하실 분 0명 KT KT 운영 프로젝트 - 장소 : 분당 KT - 스킬 : Java, JSP - 일정 : ~ 년단위(3년이상 장기근무 가능자) - 등급 : 3년이상 - 기타 : 성실하신 분 / 오래하실 분 - KT 플젝 경험자 우대(통신사 유경험자 우대) 0명 **** 상봉동 대상 TMS - 장소 : 상봉역(7호선,경의중앙선) 대상빌딩 - 스킬 : Java + MS-SQL - 일정 : ~ 6개월 - 등급 : 3년이상 - 기존 TMS 패키지 커스터마이징 작업 0명 **** 빅데이터 서버 구축 - 장소 : 분당 오리역 인근 - 스킬 : JAVA,SPARK,HIVE,HADOOP,UNIX,LINUX - 일정 : ~ 4개월 - 등급 : 1년이상 0명 국민은행 카메라기반 금융서비스 (리브샷) 프로젝트 - 장소 : 여의도 센터 - 스킬 : Java - 일정 : ~ 4개월 - 등급 : 1년이상 0명 심사평가원 정보보호체계 관리시스템 개발 - 장소 : 서울(2개월), 원주(3개월) - 스킬 : Java, 전자정부프레임웍 - 일정 : ~ 5개월 - 등급 : 1년이상 - 원주로 출장시 숙식제공 및 체제비 50만원 별도 지급 - 경력증빙 제출, 일부 정규직화 0명 현대자동차 계열 차량용 서비스 개발 - 장소 : 오금동 - 스킬 : Java - 일정 : ~ 12월말 (추후연장예정) - 등급 : 3년이상 0명 한국타이어 SAP FI 모듈 - 장소 : 역삼 - 스킬 : SAP - 일정 : ~ 4개월 - 등급 : 3년이상 0명 분당대법원 java 운영 - 성실하고 책임을 다하는 분 - 경력 1년 이상 - 근무지: 분당 0명 KT 고객관리시스템 운영 - 장소 : 분당 - 기간 : 즉시 - 스킬 : java - 등급 : 1년이상 0명 아주렌터카 사이트 유지보수 - 장소 : 문정 - 기간 : 즉시 - 스킬 : java - 등급 : 3년이상 - DB 연동 경험 우대 0명 엠프론티어 WMS 유지보수 - 장소 : 역삼 - 기간 : 즉시 ~ 1년 - 스킬 : java - 등급 : 3년이상 0명 교보생명 차세대 개발 - 장소 : 광화문 - 기간 : ~ 18개월 - 스킬 : java - 등급 : 3년이상 0명 GS리테일 편의점 예약시스템 - 장소 : 광화문 - 기간 : 3개월 - 스킬 : java - 등급 : 3년이상 - 모바일 경험자 우대 0명 삼성화재 내부 레가시시스템 재구축 - 장소 : 강남 사옥 - 기간 : 9개월 - 스킬 : java, 정보계(BI)쪽 UI 개발 - 등급 : 3년이상 - 삼성화재 경험자 우대 0명 **** 건설물류개발 - 장소 : 포스코.삼성동 - 기간 : 6개월 - 스킬 : java, XPlatform, MiPlatform, oracle - 등급 : 3년이상 0명 **** 물류시스템 고도화 - 장소 : 역삼역 - 기간 : ~ 5개월 - 스킬 : java, GAUCE, oracle - 등급 : 3년이상 0명 글로비스 물류시스템 고도화 - 장소 : 역삼역 - 기간 : ~ 5개월 - 스킬 : java, GAUCE, oracle - 등급 : 3년이상 0명 한화시스템 원가관리 구축 - 장소 : 구미 한화시스템 내 - 기간 : ~ 6개월 - 스킬 : XPlatform, MiPlatform - 등급 : 5년이상 - 물류, 재고관리 경험 우대 0명 **** 렌탈시스템 고도화 - 장소 : 상암동 - 기간 : ~ 12개월 - 스킬 : java, jsp, MiPlatform - 등급 : 3년이상 - 물류, 재고관리 경험 우대 0명 농협 E금융 고도화 / 금융상품마켓 고도화 - 장소 : 인덕원 - 기간 : ~ 4개월 - 스킬 : java, jsp, oracle, XPlatform, MiPlatform - 등급 : 3년이상 - 은행경험 우대 0명 농협 태블릿 브랜치 구축 - 장소 : 인덕원 - 기간 : ~ 4개월 - 스킬 : Java - 등급 : 3년이상 0명 SK하이닉스 FDC 고도화 구축 - 장소 : 이천 하이닉스 - 기간 : ~ 연말 - 스킬 : Java, C# - 등급 : 3년이상 - 반도체 관련 프로젝트 유경험자 우대 통신(SOCKET, SECS-I/ SECS-II/ GEM등) 유경험자 우대 0명 하이마트 쇼핑몰 구축 - 장소 : 을지로 삼풍빌딩 - 기간 : ~ 연단위 계약(운영성 개발) - 스킬 : Java, spring, ajax, oracle - 등급 : 1년이상 0명 심평원 자동차보험업무 - 기간 : ~ 연말 - 스킬 : Java - 등급 : 1년이상 0명 ** 방송 클라우드 개발 - 장소 : 서초역 - 기간 : ~ 3개월 (추후 운영으로 연장) - 스킬 : Java, spring, Jquery - 등급 : 1년이상 0명 데상트 ERP 기능추가 개발 - 장소 : 역삼역 - 기간 : ~ 3개월 - 스킬 : Java, XPlatform - 등급 : 1년이상 0명 마사회 사이트 유지보수 - 장소 : 과천 마사회 - 기간 : 즉시 ~ 3년 - 스킬 : Java, Weblogic, Oracle - 등급 : 3년이상 (최소급여 정규직화 전환 가능자) - 기타 : 토/일 근무, 월/화 휴무 0명 기업은행 사이트 구축 - 장소 : 을지로 - 스킬 : JSP,AnyFramework,Gause,Rexport, Sybase-IQ,Weblogic - 등급 : 1년이상 - UI웹개발 가능자 우대 0명 **** 인사관리고도화 - 장소 : 역삼 - 스킬 : JAVA - 등급 : 3년이상 - 인사관리 경험 우대 0명 건강심사평가원 심사시스템 구축 - 장소 : 남부터미널 - 스킬 : JAVA, X-PlatForm, MiPlatform - 일정 : 10개월 - 등급 : 5년이상 0명 강남글로비스 사이트 구축 - 장소 : 강남 - 스킬 : JAVA, Nexacro - 일정 : ~ 연말 - 등급 : 5년이상 0명 ****** 사이트 운영 - 장소 : 수원 - 스킬 : Java - 일정 : ~ 연단위 - 등급 : 5년이상 0명 중소기업유통센터 MRO Mall 운영 - 장소 : 목동 - 스킬 : Java - 일정 : ~ 연단위 - 등급 : 1년이상 - 공동구매, 구매대행 시스템 운영 경험자 우대 0명 현대카드 구매시스템 운영 - 장소 : 여의도 - 스킬 : FLEX/JSP - 등급 : 1년이상 - 8:30 출근 0명 LG LG디스플레이 JAVA 테스터 - 장소 : 파주 - 스킬 : Java - 일정 : ~ 연단위 - 등급 : 1년이상 - 통근버스제공 (지하철:구파발,합정,발산,송정,부평,범계,평촌, 금정) 0명 태광정보통신 전산실 대내외 서비스 SM - 장소 : 서울역 (남대문 인근) - 스킬 : Java, JSP, Android - 일정 : ~ 연단위 - 등급 : 3년이상 - 하이브리드앱 경험자 우대 0명 흥국화재 자동차보험 시스템 운영 (UMS 통합관리서비스) - 장소 : 충정로 - 스킬 : Java, X-PlatForm - 일정 : ~ 년단위 - 8시 출근 0명 LG 재경프로젝트 - 장소 : 여의도 - 스킬 : Java, X-PlatForm, Nexacro - 일정 : ~ 4월 0명 K뱅크 방카슈랑스 시스템 구축 - 장소 : 충정로역 - 스킬 : Java, WebSquare5 - 일정 : ~ 4,5개월 - 등급 : 3년이상 - WebSquare5 경험많은 개발자 우대 0명 ** 솔루션 학사업무 및 LMS - 장소 : 도곡동 - 스킬 : Java - 일정 : ~ 6개월 - 등급 : 1년이상 0명 삼성웰스토리 사이트 운영 - 장소 : 용인 (분당선 보정역) - 스킬 : Java, Jsp, Oracle - 일정 : ~ 년단위 - 등급 : 3년이상 - 쇼핑몰 유 경험자 우대 0명 경기신용보증재단 보증업무 운영 - 장소 : 신분당선 광교역, 동수원IC근처 - 스킬 : Java, 전자정부프레임,Jquery - 일정 : ~ 12개월 - 등급 : 3년이상 (KOSA 필수) - 금융 경험필수 (보증업무 개발자 우대) 중급 0명 초급 0명 한미약품 커머셜 구축(복지몰) - 장소 : 몽촌토성역 - 스킬 : Java, spring, 쇼핑몰, 이커머스 유경험자 - 일정 : ~ 3개월 (추가연장) - 등급 : 1년이상 - JPA 유경험자 우대 고급 0명 중급 0명 초급 0명 모나미 SCM 구축 (주문/생산/물류) - 장소 : 강남 - 스킬 : Java - 일정 : 3개월 - 등급 : 4년이상 0명 사랑의열매 사내시스템 운영 - 장소 : 광화문 - 스킬 : Java, jsp, spring, ORACLE - 우대 : 개발 능력 보단 리더쉽 우선 - 기간 : ~ 연 단위 운영 - 등급 : 3년이상 0명 롯데면세점 전시파트 운영 PL - 장소 : 을지로 - 스킬 : Java, jsp, spring - 우대 : 개발 능력 보단 리더쉽 우선 - 기간 : ~ 운영 - 등급 : 중급이상(75년생까지) 0명 롯데닷컴 롯데닷컴 운영 - 장소 : 을지로 - 스킬 : Java, jsp, spring - 기간 : 즉시 ~ 운영 - 등급 : 중급이상(75년생까지) - EC유경험, 쇼핑몰 유경험 우대 0명 롯데정보통신 인도네시아 IEC 플랫폼 구축 - 장소 : 가산 - 스킬 : Java, jsp - 기간 : ~ 6개월 - 등급 : 1년이상 - 상거래 유경험, 쇼핑몰 유경험 우대 0명 롯데제과 Java 개발 - 장소 : 선유도역 - 스킬 : Java, xplatform - 기간 : ~ 3개월 - 등급 : 3년이상 - xplatform 유경험 우대 0명 현대카드 회계, ERP 시스템 구축 - 장소 : 여의도 - 스킬 : Java, 회계, ERP - 기간 : ~ 3개월 - 등급 : 5년이상 0명 삼성물산 인사관리 개발 - 장소 : 판교 - 스킬 : Java, xplatform - 기간 : ~ 3개월 - 등급 : 3년이상 - 인사 업무 및 물산,건설 프로젝트 유경험자 우대 0명 한화 교육시스템 고도화 개발 - 장소 : 시청역 - 스킬 : JAVA, JSP, SPRING, ORACLE - 기간 : ~ 5개월 이상 - 등급 : 3년이상 - 교육시스템 유경험자 우대 0명 현대카드 마케팅 운영 - 장소 : 서울 여의도 국회앞 (9호선 국회역 1분거리) - 기간 : 즉시 ~ 장기간 - 기술 : JAVA + 금융업무경력 필수 - 경력 1년이상 0명 서류전형 실무자면접 임원면접 최종합격 - 근무형태 : 정규직, 프리랜서 - 이력서양식 : 잡코리아 이력서, 자유 이력서 - 접수방법 : 잡코리아 온라인 접수, e-메일접수(wishit11@hanmail.net) - 이력서, 자기소개서 제출 - 최종합격 후 졸업증명서, 최종학교 전 학년 성적 증명서, 공인시험 및 기타 자격증 사본(소지자에 한함), 취업보호대상증명서(대상자에 한함) 제출 - 허위사실이 발견될 경우 채용이 취소될 수 있습니다.